8 0.251563 0.708333 0.288281 0.708333 0.288281 0.754167 0.251563 0.754167
8 0.870313 0.459375 0.965625 0.458333 0.964063 0.590625 0.859375 0.591667
8 0.369531 0.542708 0.4 0.542708 0.4 0.582292 0.369531 0.582292
8 0.153906 0.714583 0.1875 0.714583 0.1875 0.75625 0.153906 0.75625
8 0.791406 0.2875 0.791406 0.344792 0.758594 0.344792 0.759375 0.286458
8 0.451562 0.464583 0.476562 0.464583 0.476562 0.496875 0.451562 0.496875
8 0.078125 0.496875 0.116406 0.496875 0.11875 0.551042 0.078906 0.547917
8 0.234375 0.494792 0.289844 0.494792 0.289844 0.567708 0.235937 0.567708
8 0.735938 0.313542 0.755469 0.314583 0.755469 0.341667 0.734375 0.341667
8 0.553125 0.239583 0.667188 0.239583 0.667188 0.39375 0.553125 0.397917
8 0.690625 0.4625 0.790625 0.463542 0.788281 0.592708 0.689063 0.59375
1 0.423438 0.2375 0.542188 0.239583 0.541406 0.397917 0.424219 0.392708
8 0.354687 0.669792 0.463281 0.669792 0.463281 0.810417 0.354687 0.810417
8 0.032813 0.245833 0.130469 0.245833 0.134375 0.376042 0.035937 0.376042
8 0.866406 0.25 0.966406 0.254167 0.965625 0.389583 0.866406 0.388542
8 0.352344 0.4625 0.385937 0.4625 0.385937 0.503125 0.352344 0.503125
8 0.860156 0.490625 0.892969 0.490625 0.891406 0.5375 0.857031 0.536458
8 0.169531 0.247917 0.266406 0.248958 0.26875 0.375 0.171875 0.376042
8 0.571094 0.513542 0.586719 0.528125 0.576562 0.544792 0.563281 0.533333
8 0.308594 0.25625 0.39375 0.259375 0.395313 0.371875 0.310937 0.369792
8 0.052344 0.70625 0.10625 0.70625 0.10625 0.771875 0.052344 0.771875
8 0.305469 0.723958 0.332031 0.723958 0.332031 0.757292 0.305469 0.757292
8 0.20625 0.722917 0.234375 0.722917 0.234375 0.757292 0.20625 0.757292
8 0.434375 0.54375 0.4625 0.54375 0.4625 0.579167 0.434375 0.579167
8 0.623437 0.697917 0.601562 0.697917 0.601562 0.728125 0.623437 0.728125
8 0.710156 0.709375 0.746875 0.709375 0.746875 0.758333 0.710156 0.758333
8 0.860938 0.701042 0.900781 0.701042 0.900781 0.754167 0.860938 0.754167
